3650
3651
3652
3640
3641
3642
3630
3631
3632
3633
3634
3620
3621
3622
3623
3610
3611
3612
3613
3614
3615
3616
3590
3591
3592
3593
3594
3595
3596
3597
3598
3570
3571
3572
3560
3561
3562
3563
3564
3565
3566
3540
3541
3542
3543
3544
3545
3546
3547
3548
3549
35410
3530
3531
3532
3533
3534
3535
3536
3537
3538
3539
35310
35311
3520
3521
3522
3523
3510
3511
3512
3513
3514
3515
3500
3501
3502
3503
3504
3440
3441
3442
3443
3420
3421
3422
3423
3424
3410
3411
3412
3413
3414
3415
3416
3417
3418
3419
3400
3401
3402
3403
3404
3405
3406
3407
3408
3409
3390
3391
3392
3393
3394
3395
3396
3380
3381
3382
3383
3384
3385
3386
3387
3388
3370
3371
3372
3360
3361
3362
3363
3364
3365
3366
3367
3368
3350
3351
3352
3353
3354
3355
3356
3357
3290
3291
3292
3293
3294
3295
3296
3280
3281
3282
3283
3284
3285
3286
3287
3288
3270
3271
3272
3273
3260
3261
3262
3263
3264
3265
3266
3267
3268
3240
3241
3242
3243
3244
3230
3231
3232
3233
3234
3235
3236
3237
3238
3239
32310
3220
3221
3222
3223
3224
3225
3226
3227
3190
3191
3192
3193
3194
3195
3196
3197
3198
3199
31910
31911
3180
3181
3182
3183
3184
3170
3171
3172
3173
3140
3141
3142
3143
3144
3145
3146
3147
3148
3149
31410
3120
3121
3122
3110
3111
3112
3113
3114
3115
3116
3117
3118
3119
31110
31111
3100
3101
3102
3103
3080
3081
3082
3083
3084
3085
3060
3061
3062
3030
3031
3032
3033
3034
3035
3010
3011
3012
3013
3014
3015
3016
3017
3018
3019
30110
2990
2991
2992
2993
2994
2995
2970
2971
2972
2973
2974
2975
2976
2977
2978
2979
29710
29711
2960
2961
2962
2963
2950
2951
2952
2953
2954
2955
2956
2957
2958
2959
2940
2941
2942
2943
2944
2945
2946
2930
2931
2932
2933
2934
2935
2936
2937
2938
2939
29310
2910
2911
2912
2913
2914
2915
2916
2917
2918
2919
29110
2900
2901
2902
2903
2904
2905
2906
2907
2908
2909
29010
2890
2891
2892
2893
2894
2895
2896
2880
2881
2882
2883
2884
2885
2886
2887
2888
2889
28810
2850
2851
2852
2853
2854
2855
2856
2857
2840
2841
2842
2830
2831
2832
2833
2834
2835
2836
2837
2838
2839
2800
2801
2802
2803
2804
2805
2806
2807
2808
2790
2791
2792
2793
2770
2771
2772
2773
2774
2775
2776
2760
2761
2762
2763
2764
2765
2766
2767
2768
2769
27610
2750
2751
2752
2753
2754
2755
2756
2757
2740
2741
2742
2743
2744
2745
2746
2747
2748
2749
27410
27411
2730
2731
2732
2733
2734
2720
2721
2722
2710
2711
2712
2713
2714
2715
2716
2717
2718
2700
2701
2702
2703
2704
2705
2706
2707
2708
2690
2691
2692
2693
2680
2681
2682
2683
2684
2685
2660
2661
2662
2663
2650
2651
2652
2653
2654
2655
2656
2657
2658
2659
26510
2640
2641
2642
2643
2620
2621
2622
2623
2624
2625
2626
2627
2628
2610
2611
2612
2600
2601
2602
2603
2604
2605
2606
2607
2608
2580
2581
2582
2583
2584
2530
2531
2532
2533
2534
2535
2520
2521
2522
2523
2524
2525
2510
2511
2512
2500
2501
2502
2503
2504
2505
2506
2507
2508
2509
25010
2480
2481
2482
2483
2484
2485
2486
2487
2488
2460
2461
2462
2463
2464
2450
2451
2452
2453
2454
2455
2456
2457
2430
2431
2432
2433
2434
2435
2436
2420
2421
2422
2423
2424
2425
2426
2410
2411
2412
2413
2414
2415
2380
2381
2382
2383
2360
2361
2362
2340
2341
2342
2343
2344
2345
2346
2347
2348
2349
2330
2331
2332
2333
2334
2335
2336
2337
2320
2321
2322
2323
2324
2325
2326
2300
2301
2302
2303
2304
2305
2306
2290
2291
2292
2293
2294
2295
2250
2251
2252
2253
2254
2255
2256
2257
2258
2259
22510
22511
2240
2241
2242
2243
2244
2245
2246
2247
2248
2249
2230
2231
2232
2233
2234
2235
2236
2237
2238
2239
22310
2220
2221
2222
2223
2224
2225
2226
2227
2210
2211
2212
2213
2214
2190
2191
2192
2193
2194
2195
2196
2197
2198
2199
2160
2161
2162
2163
2164
2165
2166
2167
2168
2169
2150
2151
2152
2153
2154
2155
2156
2157
2140
2141
2142
2143
2144
2145
2146
2147
2148
2149
21410
21411
2120
2121
2122
2123
2124
2100
2101
2102
2103
2080
2081
2082
2083
2084
2085
2086
2087
2088
2089
2070
2071
2072
2073
2074
2075
2060
2061
2062
2063
2064
2065
2066
2067
2068
2069
2050
2051
2052
2053
2030
2031
2032
2033
2034
2035
2036
2020
2021
2022
2023
2024
2025
2026
2027
2028
2029
20210
2010
2011
2012
2013
2014
